
DET1 = [
    1    1    1    1    1    1    1    1    1    1  4.45593E-06 0.19713 
    2    1    1    2    1    1    1    1    1    1  1.53426E-06 0.56708 
    3    1    1    3    1    1    1    1    1    1  1.70654E-05 0.12517 
    4    2    1    1    1    1    1    1    1    1  7.11085E-01 0.00079 
    5    2    1    2    1    1    1    1    1    1  7.92140E-02 0.00138 
    6    2    1    3    1    1    1    1    1    1  4.13742E-01 0.00073 
];


DET1E = [
 0.00000E+00  6.25000E-07  3.12500E-07
 6.25000E-07  2.00000E+01  1.00000E+01
];

DET2 = [
    1    1    1    1    1    1    1    1    1    1  4.52766E-03 0.13250 
    2    2    1    1    1    1    1    1    1    1  1.57762E+00 0.00083 
];


DET2E = [
 0.00000E+00  6.25000E-07  3.12500E-07
 6.25000E-07  2.00000E+01  1.00000E+01
];

DET3 = [
    1    1    1    1    1    1    1    1    1    1  1.51999E-10 0.12811 
    2    2    1    1    1    1    1    1    1    1  2.31141E-01 0.00074 
];


DET3E = [
 0.00000E+00  6.25000E-07  3.12500E-07
 6.25000E-07  2.00000E+01  1.00000E+01
];

DET4 = [
    1    1    1    1    1    1    1    1    1    1  2.24537E-02 0.00359 
];


DET7 = [
    1    1    1    1    1    1    1    1    1    1 -9.66923E-01 0.00009 
];


DET5 = [
    1    1    1    1    1    1    1    1    1    1  1.95972E-02 0.00371 
];


DET6 = [
    1    1    1    1    1    1    1    1    1    1 -9.64028E-01 0.00008 
];

