
DET1a = [
    1    1    1    1    1    1    1    1    1    1  2.00179E-08 0.19800 
    2    2    1    1    1    1    1    1    1    1  3.24368E-03 0.00074 
];


DET1aE = [
 0.00000E+00  6.25000E-07  3.12500E-07
 6.25000E-07  2.00000E+01  1.00000E+01
];

DET1b = [
    1    1    1    1    1    1    1    1    1    1  2.92618E-08 0.29852 
    2    2    1    1    1    1    1    1    1    1  1.50270E-03 0.00138 
];


DET1bE = [
 0.00000E+00  6.25000E-07  3.12500E-07
 6.25000E-07  2.00000E+01  1.00000E+01
];

DET1c = [
    1    1    1    1    1    1    1    1    1    1  2.69192E-08 0.14091 
    2    2    1    1    1    1    1    1    1    1  7.50542E-04 0.00074 
];


DET1cE = [
 0.00000E+00  6.25000E-07  3.12500E-07
 6.25000E-07  2.00000E+01  1.00000E+01
];

DET2 = [
    1    1    1    1    1    1    1    1    1    1  3.73657E-03 0.14637 
    2    2    1    1    1    1    1    1    1    1  1.57596E+00 0.00075 
];


DET2E = [
 0.00000E+00  6.25000E-07  3.12500E-07
 6.25000E-07  2.00000E+01  1.00000E+01
];

DET3 = [
    1    1    1    1    1    1    1    1    1    1  1.28791E-10 0.14058 
    2    2    1    1    1    1    1    1    1    1  2.31026E-01 0.00072 
];


DET3E = [
 0.00000E+00  6.25000E-07  3.12500E-07
 6.25000E-07  2.00000E+01  1.00000E+01
];

DET4 = [
    1    1    1    1    1    1    1    1    1    1  7.32851E-06 0.18776 
    2    2    1    1    1    1    1    1    1    1 -9.44550E-01 0.00004 
];


DET4E = [
 0.00000E+00  6.25000E-07  3.12500E-07
 6.25000E-07  2.00000E+01  1.00000E+01
];

DET5 = [
    1    1    1    1    1    1    1    1    1    1  7.32851E-06 0.18776 
    2    2    1    1    1    1    1    1    1    1 -9.44513E-01 0.00004 
];


DET5E = [
 0.00000E+00  6.25000E-07  3.12500E-07
 6.25000E-07  2.00000E+01  1.00000E+01
];
