
DET1 = [
    1    1    1    1    1    1    1    1    1    1  0.00000E+00 0.00000 
    2    1    1    1    1    1    1    1    1    2  0.00000E+00 0.00000 
    3    1    1    1    1    1    1    1    1    3  3.86704E-05 0.01955 
    4    1    1    1    1    1    1    1    1    4  2.40822E-04 0.00914 
    5    1    1    1    1    1    1    1    1    5  4.10509E-04 0.00737 
    6    1    1    1    1    1    1    1    1    6  4.10206E-04 0.00688 
    7    1    1    1    1    1    1    1    1    7  2.42895E-04 0.00850 
    8    1    1    1    1    1    1    1    1    8  3.95016E-05 0.02030 
    9    1    1    1    1    1    1    1    1    9  0.00000E+00 0.00000 
   10    1    1    1    1    1    1    1    1   10  0.00000E+00 0.00000 
   11    1    1    1    1    1    1    1    2    1  0.00000E+00 0.00000 
   12    1    1    1    1    1    1    1    2    2  1.10268E-04 0.01157 
   13    1    1    1    1    1    1    1    2    3  6.35985E-04 0.00549 
   14    1    1    1    1    1    1    1    2    4  1.08899E-03 0.00462 
   15    1    1    1    1    1    1    1    2    5  1.35041E-03 0.00394 
   16    1    1    1    1    1    1    1    2    6  1.33618E-03 0.00433 
   17    1    1    1    1    1    1    1    2    7  1.08935E-03 0.00452 
   18    1    1    1    1    1    1    1    2    8  6.31785E-04 0.00594 
   19    1    1    1    1    1    1    1    2    9  1.09642E-04 0.01228 
   20    1    1    1    1    1    1    1    2   10  0.00000E+00 0.00000 
   21    1    1    1    1    1    1    1    3    1  3.82388E-05 0.02016 
   22    1    1    1    1    1    1    1    3    2  6.27261E-04 0.00590 
   23    1    1    1    1    1    1    1    3    3  1.33913E-03 0.00443 
   24    1    1    1    1    1    1    1    3    4  1.89929E-03 0.00364 
   25    1    1    1    1    1    1    1    3    5  2.21384E-03 0.00337 
   26    1    1    1    1    1    1    1    3    6  2.21759E-03 0.00314 
   27    1    1    1    1    1    1    1    3    7  1.89411E-03 0.00363 
   28    1    1    1    1    1    1    1    3    8  1.34471E-03 0.00456 
   29    1    1    1    1    1    1    1    3    9  6.35504E-04 0.00565 
   30    1    1    1    1    1    1    1    3   10  3.94971E-05 0.01892 
   31    1    1    1    1    1    1    1    4    1  2.40846E-04 0.00911 
   32    1    1    1    1    1    1    1    4    2  1.07904E-03 0.00463 
   33    1    1    1    1    1    1    1    4    3  1.90324E-03 0.00361 
   34    1    1    1    1    1    1    1    4    4  2.54975E-03 0.00312 
   35    1    1    1    1    1    1    1    4    5  2.92416E-03 0.00301 
   36    1    1    1    1    1    1    1    4    6  2.90820E-03 0.00278 
   37    1    1    1    1    1    1    1    4    7  2.54377E-03 0.00304 
   38    1    1    1    1    1    1    1    4    8  1.91294E-03 0.00359 
   39    1    1    1    1    1    1    1    4    9  1.08905E-03 0.00447 
   40    1    1    1    1    1    1    1    4   10  2.37979E-04 0.00914 
   41    1    1    1    1    1    1    1    5    1  4.09447E-04 0.00728 
   42    1    1    1    1    1    1    1    5    2  1.35040E-03 0.00410 
   43    1    1    1    1    1    1    1    5    3  2.21822E-03 0.00333 
   44    1    1    1    1    1    1    1    5    4  2.89980E-03 0.00276 
   45    1    1    1    1    1    1    1    5    5  3.32462E-03 0.00263 
   46    1    1    1    1    1    1    1    5    6  3.31827E-03 0.00272 
   47    1    1    1    1    1    1    1    5    7  2.92327E-03 0.00292 
   48    1    1    1    1    1    1    1    5    8  2.22506E-03 0.00334 
   49    1    1    1    1    1    1    1    5    9  1.34868E-03 0.00429 
   50    1    1    1    1    1    1    1    5   10  4.10393E-04 0.00725 
   51    1    1    1    1    1    1    1    6    1  4.12189E-04 0.00652 
   52    1    1    1    1    1    1    1    6    2  1.34711E-03 0.00406 
   53    1    1    1    1    1    1    1    6    3  2.23364E-03 0.00325 
   54    1    1    1    1    1    1    1    6    4  2.93665E-03 0.00293 
   55    1    1    1    1    1    1    1    6    5  3.29937E-03 0.00269 
   56    1    1    1    1    1    1    1    6    6  3.30686E-03 0.00276 
   57    1    1    1    1    1    1    1    6    7  2.92575E-03 0.00289 
   58    1    1    1    1    1    1    1    6    8  2.23879E-03 0.00319 
   59    1    1    1    1    1    1    1    6    9  1.35692E-03 0.00396 
   60    1    1    1    1    1    1    1    6   10  4.11201E-04 0.00635 
   61    1    1    1    1    1    1    1    7    1  2.40756E-04 0.00913 
   62    1    1    1    1    1    1    1    7    2  1.09623E-03 0.00461 
   63    1    1    1    1    1    1    1    7    3  1.92824E-03 0.00366 
   64    1    1    1    1    1    1    1    7    4  2.57060E-03 0.00292 
   65    1    1    1    1    1    1    1    7    5  2.91833E-03 0.00279 
   66    1    1    1    1    1    1    1    7    6  2.91561E-03 0.00269 
   67    1    1    1    1    1    1    1    7    7  2.57901E-03 0.00303 
   68    1    1    1    1    1    1    1    7    8  1.91003E-03 0.00343 
   69    1    1    1    1    1    1    1    7    9  1.09128E-03 0.00473 
   70    1    1    1    1    1    1    1    7   10  2.41902E-04 0.00884 
   71    1    1    1    1    1    1    1    8    1  3.90988E-05 0.01909 
   72    1    1    1    1    1    1    1    8    2  6.38929E-04 0.00563 
   73    1    1    1    1    1    1    1    8    3  1.35565E-03 0.00398 
   74    1    1    1    1    1    1    1    8    4  1.92189E-03 0.00344 
   75    1    1    1    1    1    1    1    8    5  2.21916E-03 0.00345 
   76    1    1    1    1    1    1    1    8    6  2.21450E-03 0.00340 
   77    1    1    1    1    1    1    1    8    7  1.89402E-03 0.00349 
   78    1    1    1    1    1    1    1    8    8  1.35356E-03 0.00453 
   79    1    1    1    1    1    1    1    8    9  6.34137E-04 0.00613 
   80    1    1    1    1    1    1    1    8   10  3.78421E-05 0.01864 
   81    1    1    1    1    1    1    1    9    1  0.00000E+00 0.00000 
   82    1    1    1    1    1    1    1    9    2  1.11386E-04 0.01219 
   83    1    1    1    1    1    1    1    9    3  6.35074E-04 0.00577 
   84    1    1    1    1    1    1    1    9    4  1.09714E-03 0.00460 
   85    1    1    1    1    1    1    1    9    5  1.33973E-03 0.00408 
   86    1    1    1    1    1    1    1    9    6  1.34043E-03 0.00430 
   87    1    1    1    1    1    1    1    9    7  1.08733E-03 0.00467 
   88    1    1    1    1    1    1    1    9    8  6.31713E-04 0.00579 
   89    1    1    1    1    1    1    1    9    9  1.09597E-04 0.01201 
   90    1    1    1    1    1    1    1    9   10  0.00000E+00 0.00000 
   91    1    1    1    1    1    1    1   10    1  0.00000E+00 0.00000 
   92    1    1    1    1    1    1    1   10    2  0.00000E+00 0.00000 
   93    1    1    1    1    1    1    1   10    3  3.84205E-05 0.01909 
   94    1    1    1    1    1    1    1   10    4  2.36613E-04 0.00825 
   95    1    1    1    1    1    1    1   10    5  4.16319E-04 0.00740 
   96    1    1    1    1    1    1    1   10    6  4.13963E-04 0.00689 
   97    1    1    1    1    1    1    1   10    7  2.37460E-04 0.00902 
   98    1    1    1    1    1    1    1   10    8  3.86127E-05 0.01960 
   99    1    1    1    1    1    1    1   10    9  0.00000E+00 0.00000 
  100    1    1    1    1    1    1    1   10   10  0.00000E+00 0.00000 
];


DET1X = [
-9.00000E+00 -7.20000E+00 -8.10000E+00
-7.20000E+00 -5.40000E+00 -6.30000E+00
-5.40000E+00 -3.60000E+00 -4.50000E+00
-3.60000E+00 -1.80000E+00 -2.70000E+00
-1.80000E+00  0.00000E+00 -9.00000E-01
 0.00000E+00  1.80000E+00  9.00000E-01
 1.80000E+00  3.60000E+00  2.70000E+00
 3.60000E+00  5.40000E+00  4.50000E+00
 5.40000E+00  7.20000E+00  6.30000E+00
 7.20000E+00  9.00000E+00  8.10000E+00
];

